0.35	0.35	0.4
0.348449	0.348206	0.399999
0.346897	0.346412	0.399998
0.345346	0.344618	0.399996
0.343795	0.342823	0.399993
0.342244	0.341027	0.39999
0.340693	0.33923	0.399985
0.339143	0.337432	0.399979
0.337592	0.335632	0.399971
0.336042	0.333831	0.399961
0.334493	0.332029	0.399949
0.332943	0.330224	0.399935
0.331394	0.328417	0.399918
0.329846	0.326608	0.399898
0.328298	0.324796	0.399876
0.32675	0.322981	0.399849
0.325203	0.321163	0.399819
0.323657	0.319342	0.399786
0.322111	0.317518	0.399748
0.320566	0.31569	0.399706
0.319021	0.313859	0.399659
0.317477	0.312023	0.399608
0.315934	0.310184	0.399551
0.314392	0.30834	0.39949
0.312851	0.306491	0.399422
0.31131	0.304638	0.399349
0.30977	0.302779	0.39927
0.308232	0.300916	0.399185
0.306694	0.299047	0.399093
0.305157	0.297173	0.398995
0.303621	0.295292	0.39889
0.302087	0.293406	0.398777
0.300553	0.291514	0.398657
0.299021	0.289615	0.39853
0.29749	0.28771	0.398394
0.29596	0.285798	0.39825
0.294431	0.283879	0.398098
0.292903	0.281953	0.397938
0.291377	0.28002	0.397768
0.289853	0.278079	0.397589
0.288329	0.27613	0.397401
0.286807	0.274174	0.397204
0.285287	0.272209	0.396996
0.283768	0.270236	0.396779
0.282251	0.268255	0.396551
0.280735	0.266264	0.396312
0.279221	0.264265	0.396063
0.277708	0.262257	0.395803
0.276197	0.260239	0.395532
0.274688	0.258212	0.395249
0.273181	0.256175	0.394954
0.271675	0.254128	0.394647
0.270171	0.252071	0.394329
0.26867	0.250004	0.393997
0.26717	0.247926	0.393653
0.265672	0.245837	0.393296
0.264176	0.243738	0.392926
0.262681	0.241628	0.392542
0.261189	0.239506	0.392145
0.2597	0.237372	0.391734
0.258212	0.235227	0.391309
0.256726	0.23307	0.390869
0.255243	0.230901	0.390415
0.253761	0.22872	0.389946
0.252282	0.226526	0.389461
0.250806	0.224319	0.388962
0.249331	0.2221	0.388447
0.247859	0.219867	0.387916
0.24639	0.217621	0.387369
0.244923	0.215362	0.386805
0.243458	0.213089	0.386225
0.241996	0.210802	0.385629
0.240536	0.208501	0.385015
0.239079	0.206186	0.384384
0.237625	0.203856	0.383736
0.236173	0.201511	0.38307
0.234724	0.199152	0.382386
0.233278	0.196778	0.381683
0.231834	0.194388	0.380962
0.230393	0.191983	0.380223
0.228955	0.189562	0.379465
0.22752	0.187125	0.378687
0.226088	0.184672	0.37789
0.224659	0.182203	0.377073
0.223233	0.179718	0.376237
0.22181	0.177215	0.37538
0.220389	0.174696	0.374503
0.218972	0.17216	0.373605
0.217558	0.169607	0.372687
0.216148	0.167036	0.371747
0.21474	0.164447	0.370786
0.213336	0.161841	0.369804
0.211935	0.159216	0.3688
0.210537	0.156574	0.367773
0.209142	0.153913	0.366725
0.207751	0.151233	0.365653
0.206364	0.148534	0.36456
0.204979	0.145816	0.363443
0.203599	0.143079	0.362302
0.202221	0.140323	0.361139
0.200848	0.137547	0.359951
0.199478	0.134751	0.35874
0.198111	0.131936	0.357505
0.19675	0.129102	0.356247
0.195392	0.126249	0.354967
0.194039	0.123378	0.353664
0.192692	0.12049	0.352339
0.19135	0.117584	0.350993
0.190014	0.114661	0.349626
0.188683	0.111722	0.348238
0.187359	0.108768	0.34683
0.186042	0.105797	0.345402
0.184732	0.102812	0.343955
0.183429	0.0998117	0.342488
0.182134	0.0967974	0.341004
0.180846	0.0937693	0.339501
0.179567	0.0907279	0.337981
0.178296	0.0876736	0.336443
0.177034	0.0846068	0.334888
0.175781	0.0815279	0.333318
0.174538	0.0784375	0.331731
0.173304	0.0753359	0.330128
0.172081	0.0722235	0.32851
0.170867	0.0691008	0.326878
0.169665	0.0659683	0.325231
0.168473	0.0628263	0.323571
0.167293	0.0596753	0.321897
0.166124	0.0565158	0.320209
0.164967	0.053348	0.31851
0.163823	0.0501726	0.316797
0.162691	0.04699	0.315074
0.161571	0.0438004	0.313338
0.160465	0.0406045	0.311592
0.159372	0.0374026	0.309835
0.158293	0.0341952	0.308068
0.157229	0.0309826	0.306292
0.156178	0.0277654	0.304506
0.155142	0.0245439	0.302711
0.154121	0.0213187	0.300908
0.153116	0.01809	0.299097
0.152125	0.0148585	0.297278
0.151151	0.0116244	0.295452
0.150193	0.00838823	0.293619
0.149252	0.00515043	0.29178
0.148327	0.00191144	0.289935
0.14742	-0.00132833	0.288084
0.14653	-0.00456844	0.286228
0.145657	-0.00780846	0.284368
0.144803	-0.0110479	0.282503
0.143967	-0.0142865	0.280635
0.14315	-0.0175236	0.278763
0.142352	-0.0207589	0.276888
0.141573	-0.0239919	0.27501
0.140814	-0.0272223	0.273131
0.140074	-0.0304495	0.271249
0.139355	-0.0336731	0.269366
0.138656	-0.0368928	0.267483
0.137978	-0.040108	0.265599
0.137321	-0.0433184	0.263714
0.136686	-0.0465235	0.261831
0.136072	-0.0497228	0.259947
0.135481	-0.052916	0.258066
0.134912	-0.0561026	0.256185
0.134365	-0.0592821	0.254307
0.133842	-0.0624542	0.252431
0.133341	-0.0656184	0.250558
0.132865	-0.0687742	0.248689
0.132412	-0.0719213	0.246823
0.131983	-0.0750592	0.244961
0.131579	-0.0781875	0.243104
0.1312	-0.0813057	0.241251
0.130846	-0.0844134	0.239404
0.130517	-0.0875102	0.237563
0.130214	-0.0905956	0.235728
0.129937	-0.0936693	0.2339
0.129687	-0.0967306	0.232079
0.129463	-0.0997794	0.230265
0.129266	-0.102815	0.22846
0.129097	-0.105837	0.226662
0.128955	-0.108845	0.224873
0.12884	-0.111839	0.223094
0.128755	-0.114818	0.221324
0.128697	-0.117782	0.219564
0.128669	-0.120729	0.217814
0.128669	-0.123661	0.216075
0.128699	-0.126577	0.214348
0.128759	-0.129475	0.212632
0.128849	-0.132356	0.210928
0.128969	-0.135219	0.209237
0.12912	-0.138063	0.207559
0.129302	-0.140889	0.205894
0.129515	-0.143696	0.204243
0.12976	-0.146483	0.202606
0.130036	-0.14925	0.200983
0.130345	-0.151997	0.199376
0.130686	-0.154723	0.197784
0.131061	-0.157427	0.196208
0.131468	-0.16011	0.194648
0.131909	-0.16277	0.193105
0.132383	-0.165408	0.191579
0.132892	-0.168023	0.190071
0.133434	-0.170614	0.18858
0.134011	-0.173182	0.187108
0.134622	-0.175727	0.185652
0.135266	-0.17825	0.184215
0.135942	-0.180749	0.182794
0.136652	-0.183227	0.181391
0.137394	-0.185682	0.180004
0.138167	-0.188115	0.178634
0.138973	-0.190527	0.177281
0.139809	-0.192918	0.175944
0.140677	-0.195287	0.174624
0.141575	-0.197635	0.173319
0.142503	-0.199963	0.17203
0.143461	-0.20227	0.170756
0.144449	-0.204558	0.169499
0.145466	-0.206825	0.168256
0.146512	-0.209072	0.167028
0.147586	-0.2113	0.165816
0.148689	-0.213508	0.164618
0.149819	-0.215698	0.163434
0.150977	-0.217869	0.162265
0.152162	-0.220021	0.161111
0.153374	-0.222155	0.15997
0.154612	-0.22427	0.158843
0.155877	-0.226368	0.15773
0.157167	-0.228449	0.15663
0.158483	-0.230511	0.155543
0.159823	-0.232557	0.15447
0.161189	-0.234586	0.153409
0.162579	-0.236598	0.152362
0.163992	-0.238594	0.151326
0.16543	-0.240573	0.150304
0.166891	-0.242537	0.149293
0.168375	-0.244484	0.148295
0.169882	-0.246417	0.147308
0.171411	-0.248334	0.146333
0.172962	-0.250235	0.14537
0.174534	-0.252123	0.144417
0.176128	-0.253995	0.143476
0.177743	-0.255853	0.142546
0.179379	-0.257697	0.141627
0.181034	-0.259528	0.140718
0.18271	-0.261344	0.13982
0.184405	-0.263147	0.138932
0.18612	-0.264937	0.138054
0.187853	-0.266715	0.137186
0.189605	-0.268479	0.136327
0.191376	-0.270231	0.135479
0.193164	-0.271971	0.134639
0.194969	-0.273698	0.133809
0.196792	-0.275415	0.132987
0.198632	-0.277119	0.132175
0.200488	-0.278812	0.131371
0.20236	-0.280494	0.130575
0.204248	-0.282166	0.129788
0.206152	-0.283827	0.129009
0.20807	-0.285477	0.128237
0.210004	-0.287117	0.127474
0.211952	-0.288748	0.126718
0.213914	-0.290369	0.125969
0.215889	-0.29198	0.125228
0.217879	-0.293582	0.124493
0.219881	-0.295176	0.123766
0.221896	-0.296761	0.123045
0.223923	-0.298337	0.12233
0.225962	-0.299905	0.121622
0.228013	-0.301465	0.12092
0.230075	-0.303017	0.120223
0.232149	-0.304562	0.119533
0.234233	-0.306099	0.118848
0.236327	-0.307629	0.118169
0.238431	-0.309153	0.117494
0.240545	-0.31067	0.116825
0.242668	-0.312181	0.116161
0.2448	-0.313685	0.115501
0.246941	-0.315184	0.114846
0.24909	-0.316677	0.114195
0.251246	-0.318164	0.113548
0.253411	-0.319647	0.112905
0.255582	-0.321124	0.112266
0.257761	-0.322597	0.111631
0.259946	-0.324066	0.110998
0.262137	-0.32553	0.11037
0.264334	-0.32699	0.109744
0.266536	-0.328446	0.109121
0.268744	-0.329899	0.108501
0.270957	-0.331348	0.107883
0.273173	-0.332795	0.107268
0.275395	-0.334239	0.106654
0.277619	-0.33568	0.106043
0.279848	-0.337118	0.105434
0.282079	-0.338555	0.104826
0.284313	-0.33999	0.10422
0.28655	-0.341423	0.103614
0.288788	-0.342855	0.10301
0.291029	-0.344285	0.102407
0.29327	-0.345715	0.101805
0.295513	-0.347143	0.101203
0.297756	-0.348572	0.100601
0.3	-0.35	0.1
