0.35	0.35	0.4
0.347894	0.34642	0.398669
0.345789	0.34284	0.397337
0.343685	0.339261	0.396005
0.341582	0.335681	0.394674
0.33948	0.332101	0.393342
0.337381	0.328522	0.39201
0.335283	0.324942	0.390678
0.333189	0.321363	0.389345
0.331097	0.317783	0.388013
0.329009	0.314204	0.38668
0.326925	0.310625	0.385346
0.324846	0.307046	0.384013
0.322771	0.303468	0.382679
0.320701	0.29989	0.381344
0.318636	0.296311	0.380009
0.316578	0.292733	0.378674
0.314525	0.289156	0.377338
0.31248	0.285578	0.376001
0.310441	0.282001	0.374664
0.30841	0.278424	0.373326
0.306386	0.274848	0.371987
0.304371	0.271272	0.370648
0.302365	0.267696	0.369308
0.300367	0.264121	0.367967
0.298379	0.260546	0.366626
0.2964	0.256971	0.365283
0.294432	0.253397	0.36394
0.292475	0.249823	0.362596
0.290528	0.246249	0.361251
0.288592	0.242677	0.359905
0.286669	0.239104	0.358557
0.284757	0.235532	0.357209
0.282858	0.231961	0.35586
0.280972	0.22839	0.35451
0.279099	0.22482	0.353158
0.27724	0.22125	0.351805
0.275395	0.217681	0.350451
0.273565	0.214112	0.349096
0.271749	0.210544	0.34774
0.269948	0.206977	0.346382
0.268164	0.20341	0.345023
0.266395	0.199844	0.343662
0.264642	0.196278	0.342301
0.262907	0.192714	0.340937
0.261189	0.18915	0.339572
0.259488	0.185586	0.338206
0.257805	0.182024	0.336838
0.256141	0.178462	0.335469
0.254495	0.174901	0.334098
0.252869	0.171341	0.332725
0.251262	0.167781	0.33135
0.249675	0.164222	0.329974
0.248109	0.160665	0.328596
0.246563	0.157108	0.327217
0.245038	0.153551	0.325835
0.243535	0.149996	0.324452
0.242054	0.146442	0.323066
0.240595	0.142888	0.321679
0.239158	0.139336	0.32029
0.237745	0.135784	0.318899
0.236355	0.132234	0.317506
0.234989	0.128684	0.316111
0.233648	0.125135	0.314713
0.232331	0.121588	0.313314
0.231039	0.118041	0.311912
0.229772	0.114496	0.310509
0.228531	0.110951	0.309103
0.227317	0.107408	0.307694
0.226129	0.103865	0.306284
0.224968	0.100324	0.304871
0.223834	0.0967838	0.303456
0.222728	0.0932447	0.302038
0.221651	0.0897069	0.300618
0.220602	0.0861702	0.299195
0.219581	0.0826346	0.29777
0.218591	0.0791003	0.296343
0.217629	0.0755672	0.294913
0.216698	0.0720353	0.29348
0.215798	0.0685047	0.292045
0.214928	0.0649753	0.290607
0.21409	0.0614472	0.289166
0.213283	0.0579204	0.287723
0.212509	0.0543949	0.286277
0.211767	0.0508707	0.284828
0.211058	0.0473479	0.283376
0.210382	0.0438264	0.281921
0.209739	0.0403063	0.280464
0.209131	0.0367876	0.279003
0.208557	0.0332703	0.27754
0.208018	0.0297544	0.276073
0.207514	0.0262399	0.274604
0.207046	0.0227269	0.273131
0.206613	0.0192154	0.271655
0.206217	0.0157054	0.270177
0.205858	0.0121968	0.268695
0.205536	0.0086898	0.267209
0.205252	0.00518431	0.265721
0.205005	0.00168037	0.264229
0.204797	-0.00182201	0.262734
0.204627	-0.00532281	0.261236
0.204497	-0.00882201	0.259734
0.204405	-0.0123196	0.258229
0.204352	-0.0158157	0.256721
0.204336	-0.0193102	0.255209
0.204358	-0.0228032	0.253695
0.204417	-0.0262946	0.252177
0.204513	-0.0297846	0.250655
0.204646	-0.0332731	0.249131
0.204814	-0.0367601	0.247604
0.205018	-0.0402456	0.246073
0.205257	-0.0437297	0.24454
0.205531	-0.0472124	0.243003
0.205839	-0.0506937	0.241464
0.206182	-0.0541736	0.239921
0.206558	-0.0576521	0.238376
0.206967	-0.0611293	0.236828
0.207409	-0.0646051	0.235277
0.207883	-0.0680796	0.233723
0.20839	-0.0715528	0.232166
0.208928	-0.0750247	0.230607
0.209498	-0.0784953	0.229045
0.210098	-0.0819647	0.22748
0.210729	-0.0854328	0.225913
0.211391	-0.0888997	0.224343
0.212081	-0.0923654	0.22277
0.212802	-0.0958298	0.221195
0.213551	-0.0992931	0.219618
0.214328	-0.102755	0.218038
0.215134	-0.106216	0.216456
0.215968	-0.109676	0.214871
0.216829	-0.113135	0.213284
0.217717	-0.116592	0.211694
0.218631	-0.120049	0.210103
0.219572	-0.123504	0.208509
0.220539	-0.126959	0.206912
0.221531	-0.130412	0.205314
0.222548	-0.133865	0.203713
0.223589	-0.137316	0.202111
0.224655	-0.140766	0.200506
0.225745	-0.144216	0.198899
0.226858	-0.147664	0.19729
0.227995	-0.151112	0.195679
0.229154	-0.154558	0.194066
0.230335	-0.158004	0.192452
0.231538	-0.161449	0.190835
0.232763	-0.164892	0.189217
0.234009	-0.168335	0.187596
0.235275	-0.171778	0.185974
0.236562	-0.175219	0.18435
0.237869	-0.178659	0.182725
0.239195	-0.182099	0.181098
0.240541	-0.185538	0.179469
0.241905	-0.188976	0.177838
0.243288	-0.192414	0.176206
0.244689	-0.19585	0.174572
0.246107	-0.199286	0.172937
0.247542	-0.202722	0.171301
0.248995	-0.206156	0.169662
0.250464	-0.20959	0.168023
0.251948	-0.213023	0.166382
0.253449	-0.216456	0.16474
0.254965	-0.219888	0.163096
0.256495	-0.223319	0.161451
0.25804	-0.22675	0.159805
0.259599	-0.23018	0.158158
0.261172	-0.23361	0.15651
0.262758	-0.237039	0.15486
0.264357	-0.240468	0.153209
0.265969	-0.243896	0.151557
0.267592	-0.247323	0.149905
0.269228	-0.250751	0.148251
0.270875	-0.254177	0.146596
0.272532	-0.257603	0.14494
0.2742	-0.261029	0.143283
0.275879	-0.264454	0.141626
0.277567	-0.267879	0.139967
0.279265	-0.271304	0.138308
0.280971	-0.274728	0.136648
0.282686	-0.278152	0.134987
0.28441	-0.281576	0.133326
0.286141	-0.284999	0.131664
0.28788	-0.288422	0.130001
0.289625	-0.291844	0.128338
0.291378	-0.295267	0.126674
0.293136	-0.298689	0.125009
0.294901	-0.30211	0.123344
0.296671	-0.305532	0.121679
0.298446	-0.308954	0.120013
0.300225	-0.312375	0.118346
0.302009	-0.315796	0.11668
0.303797	-0.319217	0.115013
0.305589	-0.322637	0.113345
0.307383	-0.326058	0.111678
0.309181	-0.329478	0.11001
0.31098	-0.332899	0.108342
0.312782	-0.336319	0.106674
0.314585	-0.339739	0.105005
0.316389	-0.34316	0.103337
0.318194	-0.34658	0.101669
