0.35	0.35	0.4
0.35	0.35	0.4
0.35	0.35	0.4
0.35	0.35	0.4
0.35	0.35	0.4
0.35	0.35	0.4
0.35	0.35	0.4
0.35	0.35	0.4
0.35	0.35	0.4
0.35	0.35	0.4
0.35	0.35	0.4
0.35	0.35	0.4
0.35	0.35	0.4
0.35	0.35	0.4
0.35	0.35	0.4
0.35	0.35	0.4
0.35	0.35	0.4
0.35	0.35	0.4
0.35	0.35	0.4
0.35	0.35	0.4
0.35	0.35	0.4
0.35	0.35	0.4
0.35	0.35	0.4
0.35	0.35	0.4
0.35	0.35	0.4
0.35	0.35	0.4
0.35	0.35	0.4
0.35	0.35	0.4
0.35	0.35	0.4
0.35	0.35	0.4
0.35	0.35	0.4
0.35	0.35	0.4
0.35	0.35	0.4
0.35	0.35	0.4
0.35	0.35	0.4
0.35	0.35	0.4
0.35	0.35	0.4
0.35	0.35	0.4
0.35	0.35	0.4
0.35	0.35	0.4
0.348459	0.350045	0.400243
0.346918	0.350088	0.400486
0.345378	0.350131	0.400729
0.343839	0.350171	0.40097
0.342301	0.350208	0.40121
0.340764	0.350242	0.401448
0.339228	0.350272	0.401684
0.337694	0.350297	0.401918
0.336163	0.350316	0.402149
0.334634	0.350328	0.402377
0.333107	0.350334	0.402601
0.331583	0.350331	0.402821
0.330062	0.350321	0.403037
0.328545	0.350301	0.403249
0.327031	0.350271	0.403456
0.325521	0.35023	0.403657
0.324015	0.350178	0.403853
0.322514	0.350114	0.404043
0.321017	0.350038	0.404227
0.319525	0.349948	0.404404
0.318039	0.349843	0.404575
0.316557	0.349724	0.404737
0.315082	0.349589	0.404893
0.313612	0.349438	0.40504
0.312149	0.34927	0.405179
0.310692	0.349084	0.405309
0.309241	0.34888	0.40543
0.307798	0.348656	0.405541
0.306362	0.348413	0.405643
0.304933	0.348149	0.405735
0.303513	0.347864	0.405816
0.3021	0.347557	0.405887
0.300695	0.347227	0.405946
0.299299	0.346874	0.405994
0.297912	0.346496	0.40603
0.296534	0.346094	0.406053
0.295165	0.345667	0.406065
0.293805	0.345213	0.406063
0.292456	0.344732	0.406048
0.291116	0.344224	0.406019
0.289787	0.343687	0.405977
0.288468	0.343121	0.40592
0.287161	0.342525	0.405848
0.285864	0.341899	0.405762
0.284579	0.341242	0.40566
0.283305	0.340553	0.405543
0.282043	0.339831	0.405409
0.280793	0.339076	0.405259
0.279556	0.338287	0.405093
0.278332	0.337463	0.404909
0.27712	0.336603	0.404708
0.275921	0.335708	0.404489
0.274736	0.334775	0.404252
0.273565	0.333805	0.403996
0.272407	0.332797	0.403722
0.271264	0.33175	0.403428
0.270135	0.330663	0.403115
0.269021	0.329536	0.402782
0.267922	0.328367	0.402429
0.266838	0.327157	0.402055
0.26577	0.325904	0.40166
0.264717	0.324608	0.401244
0.26368	0.323268	0.400807
0.26266	0.321883	0.400347
0.261656	0.320453	0.399865
0.260669	0.318977	0.399361
0.259699	0.317454	0.398833
0.258746	0.315884	0.398282
0.257811	0.314265	0.397708
0.256894	0.312598	0.397109
0.255994	0.310881	0.396486
0.255113	0.309113	0.395838
0.254251	0.307294	0.395165
0.253407	0.305424	0.394467
0.252583	0.303501	0.393743
0.251778	0.301525	0.392992
0.250992	0.299496	0.392215
0.250227	0.297411	0.391412
0.249481	0.295272	0.390581
0.248756	0.293076	0.389722
0.248052	0.290824	0.388836
0.247369	0.288514	0.387921
0.246706	0.286146	0.386978
0.246065	0.283719	0.386006
0.245446	0.281233	0.385004
0.244849	0.278686	0.383973
0.244274	0.276078	0.382912
0.243721	0.273409	0.381821
0.243192	0.270677	0.380699
0.242685	0.267883	0.379546
0.242201	0.265024	0.378361
0.241741	0.262101	0.377145
0.241305	0.259113	0.375897
0.240892	0.256059	0.374616
0.240504	0.252938	0.373303
0.240141	0.24975	0.371956
0.239802	0.246493	0.370576
0.239488	0.243168	0.369162
0.2392	0.239774	0.367714
0.238937	0.236309	0.366231
0.2387	0.232774	0.364714
0.238488	0.229168	0.363162
0.238302	0.225493	0.361576
0.238141	0.22175	0.359956
0.238004	0.217938	0.358303
0.237892	0.214059	0.356616
0.237805	0.210113	0.354897
0.237741	0.206101	0.353145
0.237701	0.202024	0.351361
0.237685	0.197883	0.349546
0.237692	0.193677	0.347699
0.237721	0.189409	0.345821
0.237774	0.185078	0.343912
0.237849	0.180686	0.341973
0.237946	0.176233	0.340004
0.238065	0.171719	0.338006
0.238206	0.167146	0.335978
0.238369	0.162514	0.333921
0.238552	0.157824	0.331836
0.238756	0.153076	0.329722
0.238981	0.148272	0.327581
0.239227	0.143411	0.325412
0.239492	0.138496	0.323215
0.239778	0.133525	0.320992
0.240083	0.128501	0.318743
0.240407	0.123424	0.316467
0.240751	0.118294	0.314165
0.241113	0.113113	0.311838
0.241494	0.107881	0.309486
0.241894	0.102598	0.307109
0.242311	0.0972652	0.304708
0.242746	0.0918838	0.302282
0.243199	0.0864543	0.299833
0.243669	0.0809772	0.297361
0.244156	0.0754533	0.294865
0.24466	0.0698834	0.292347
0.24518	0.064268	0.289807
0.245717	0.058608	0.287244
0.24627	0.0529041	0.28466
0.246838	0.0471569	0.282055
0.247422	0.0413672	0.279429
0.248021	0.0355357	0.276782
0.248635	0.029663	0.274115
0.249264	0.0237499	0.271428
0.249907	0.0177972	0.268722
0.250565	0.0118054	0.265996
0.251236	0.00577535	0.263252
0.251921	-0.000292272	0.260489
0.25262	-0.00639675	0.257708
0.253332	-0.0125374	0.254909
0.254056	-0.0187135	0.252093
0.254793	-0.0249243	0.249259
0.255543	-0.0311691	0.246409
0.256305	-0.0374473	0.243543
0.257079	-0.0437581	0.24066
0.257864	-0.0501008	0.237762
0.258661	-0.0564747	0.234848
0.259468	-0.062879	0.23192
0.260287	-0.0693131	0.228977
0.261116	-0.0757763	0.226019
0.261956	-0.0822679	0.223048
0.262805	-0.0887871	0.220063
0.263665	-0.0953333	0.217065
0.264534	-0.101906	0.214053
0.265412	-0.108504	0.21103
0.266299	-0.115126	0.207994
0.267195	-0.121773	0.204946
0.2681	-0.128443	0.201887
0.269013	-0.135136	0.198816
0.269933	-0.141851	0.195735
0.270862	-0.148587	0.192643
0.271798	-0.155344	0.189541
0.272741	-0.16212	0.18643
0.273692	-0.168916	0.183309
0.274649	-0.17573	0.180179
0.275612	-0.182562	0.17704
0.276582	-0.189411	0.173893
0.277557	-0.196276	0.170737
0.278539	-0.203157	0.167575
0.279525	-0.210052	0.164404
0.280517	-0.216962	0.161227
0.281514	-0.223886	0.158043
0.282515	-0.230822	0.154853
0.283521	-0.23777	0.151657
0.284531	-0.244729	0.148456
0.285545	-0.251699	0.145249
0.286562	-0.258679	0.142037
0.287583	-0.265669	0.138821
0.288607	-0.272666	0.135601
0.289634	-0.279672	0.132377
0.290663	-0.286684	0.129149
0.291694	-0.293703	0.125918
0.292728	-0.300728	0.122684
0.293764	-0.307758	0.119448
0.294801	-0.314792	0.11621
0.295839	-0.321829	0.11297
0.296878	-0.328869	0.109729
0.297918	-0.335912	0.106486
0.298959	-0.342955	0.103243
0.3	-0.35	0.1
0.3	-0.35	0.1
0.3	-0.35	0.1
0.3	-0.35	0.1
0.3	-0.35	0.1
0.3	-0.35	0.1
0.3	-0.35	0.1
0.3	-0.35	0.1
0.3	-0.35	0.1
0.3	-0.35	0.1
0.3	-0.35	0.1
0.3	-0.35	0.1
0.3	-0.35	0.1
0.3	-0.35	0.1
0.3	-0.35	0.1
0.3	-0.35	0.1
0.3	-0.35	0.1
0.3	-0.35	0.1
0.3	-0.35	0.1
0.3	-0.35	0.1
0.3	-0.35	0.1
0.3	-0.35	0.1
0.3	-0.35	0.1
0.3	-0.35	0.1
0.3	-0.35	0.1
0.3	-0.35	0.1
0.3	-0.35	0.1
0.3	-0.35	0.1
0.3	-0.35	0.1
0.3	-0.35	0.1
0.3	-0.35	0.1
0.3	-0.35	0.1
0.3	-0.35	0.1
0.3	-0.35	0.1
0.3	-0.35	0.1
0.3	-0.35	0.1
0.3	-0.35	0.1
0.3	-0.35	0.1
0.3	-0.35	0.1
0.3	-0.35	0.1