0.35	0.35	0.4
0.346192	0.344135	0.403885


0.346192	0.344135	0.403885
0.343587	0.338212	0.40859


0.343587	0.338212	0.40859
0.336554	0.336295	0.411886


0.336554	0.336295	0.411886
0.329494	0.335914	0.415629


0.329494	0.335914	0.415629
0.330486	0.332291	0.422692


0.330486	0.332291	0.422692
0.324514	0.326969	0.422566


0.324514	0.326969	0.422566
0.32189	0.323515	0.429288


0.32189	0.323515	0.429288
0.317999	0.317143	0.432161


0.317999	0.317143	0.432161
0.312744	0.311408	0.434029


0.312744	0.311408	0.434029
0.307113	0.305793	0.433152


0.307113	0.305793	0.433152
0.301722	0.300318	0.435377


0.301722	0.300318	0.435377
0.301814	0.295075	0.429335


0.301814	0.295075	0.429335
0.29652	0.289612	0.426858


0.301722	0.300318	0.435377
0.299086	0.297372	0.442332


0.29652	0.289612	0.426858
0.288803	0.288562	0.428684


0.299086	0.297372	0.442332
0.299864	0.290925	0.447004


0.299864	0.290925	0.447004
0.300171	0.285109	0.452489


0.300171	0.285109	0.452489
0.297378	0.27887	0.456644


0.297378	0.27887	0.456644
0.2901	0.276365	0.458827


0.288803	0.288562	0.428684
0.28301	0.289604	0.423266


0.28301	0.289604	0.423266
0.277303	0.284211	0.421732


0.277303	0.284211	0.421732
0.277558	0.277081	0.418114


0.277558	0.277081	0.418114
0.277813	0.26995	0.414497


0.2901	0.276365	0.458827
0.285684	0.271565	0.463458


0.277813	0.26995	0.414497
0.278068	0.262819	0.410879


0.285684	0.271565	0.463458
0.286212	0.265502	0.46865


0.278068	0.262819	0.410879
0.272101	0.257828	0.409012


0.272101	0.257828	0.409012
0.273677	0.252651	0.403121


0.273677	0.252651	0.403121
0.273497	0.25309	0.395135


0.273497	0.25309	0.395135
0.273813	0.24591	0.391621


0.286212	0.265502	0.46865
0.281246	0.259664	0.470944


0.273813	0.24591	0.391621
0.268936	0.23961	0.390898


0.281246	0.259664	0.470944
0.273429	0.258429	0.472118


0.268936	0.23961	0.390898
0.265726	0.237035	0.384038


0.265726	0.237035	0.384038
0.260794	0.232316	0.379866


0.260794	0.232316	0.379866
0.261278	0.225118	0.376407


0.260794	0.232316	0.379866
0.252882	0.233336	0.379262


0.261278	0.225118	0.376407
0.256383	0.219185	0.378605


0.273429	0.258429	0.472118
0.266276	0.257657	0.475615


0.256383	0.219185	0.378605
0.253186	0.212209	0.380866


0.266276	0.257657	0.475615
0.262527	0.25834	0.48265


0.262527	0.25834	0.48265
0.25917	0.252921	0.487484


0.253186	0.212209	0.380866
0.249664	0.205755	0.384018


0.249664	0.205755	0.384018
0.250307	0.198654	0.380389


0.25917	0.252921	0.487484
0.255522	0.253134	0.4946


0.255522	0.253134	0.4946
0.248886	0.250839	0.498434


0.248886	0.250839	0.498434
0.24222	0.246893	0.500431


0.250307	0.198654	0.380389
0.25095	0.191553	0.376761


0.25095	0.191553	0.376761
0.255987	0.185386	0.377527


0.255987	0.185386	0.377527
0.250801	0.1793	0.377785


0.252882	0.233336	0.379262
0.245108	0.235222	0.379244


0.245108	0.235222	0.379244
0.237204	0.235602	0.378068


0.250801	0.1793	0.377785
0.250356	0.171824	0.380597


0.24222	0.246893	0.500431
0.236577	0.248832	0.50576


0.250356	0.171824	0.380597
0.249841	0.164658	0.377078


0.249841	0.164658	0.377078
0.243101	0.1604	0.377748


0.236577	0.248832	0.50576
0.233954	0.255514	0.50929


0.243101	0.1604	0.377748
0.243881	0.153407	0.373943


0.243881	0.153407	0.373943
0.244661	0.146413	0.370137


0.236577	0.248832	0.50576
0.231212	0.244257	0.50954


0.244661	0.146413	0.370137
0.241663	0.139007	0.369727


0.241663	0.139007	0.369727
0.242688	0.131128	0.370655


0.237204	0.235602	0.378068
0.238023	0.239666	0.371226


0.242688	0.131128	0.370655
0.244185	0.124753	0.36606


0.244185	0.124753	0.36606
0.238924	0.118733	0.366341


0.238924	0.118733	0.366341
0.232805	0.114562	0.369368


0.231212	0.244257	0.50954
0.223945	0.242473	0.512369


0.223945	0.242473	0.512369
0.226854	0.241639	0.519775


0.232805	0.114562	0.369368
0.233315	0.106821	0.367417


0.238023	0.239666	0.371226
0.232548	0.2393	0.365405


0.226854	0.241639	0.519775
0.225408	0.235037	0.524056


0.225408	0.235037	0.524056
0.218683	0.236575	0.528107


0.233315	0.106821	0.367417
0.236675	0.0995604	0.367392


0.236675	0.0995604	0.367392
0.232919	0.0942761	0.37208


0.218683	0.236575	0.528107
0.218363	0.23196	0.534634


0.233315	0.106821	0.367417
0.227291	0.106954	0.362154


0.218363	0.23196	0.534634
0.219344	0.225812	0.539658


0.232548	0.2393	0.365405
0.224648	0.240555	0.365476


0.232919	0.0942761	0.37208
0.225891	0.0904871	0.372583


0.225891	0.0904871	0.372583
0.21954	0.0868928	0.369305


0.21954	0.0868928	0.369305
0.213457	0.0853658	0.36434


0.213457	0.0853658	0.36434
0.214797	0.0786242	0.360247


0.213457	0.0853658	0.36434
0.205504	0.0845241	0.364561


0.214797	0.0786242	0.360247
0.210674	0.0733054	0.355921


0.205504	0.0845241	0.364561
0.199955	0.0809152	0.369054


0.199955	0.0809152	0.369054
0.194265	0.0761476	0.372036


0.210674	0.0733054	0.355921
0.212095	0.0665683	0.351848


0.194265	0.0761476	0.372036
0.191695	0.0705356	0.377125


0.224648	0.240555	0.365476
0.221251	0.245531	0.360213


0.191695	0.0705356	0.377125
0.184131	0.0730736	0.376539


0.212095	0.0665683	0.351848
0.212157	0.0585815	0.351392


0.184131	0.0730736	0.376539
0.181033	0.0663793	0.379637


0.219344	0.225812	0.539658
0.21151	0.22454	0.540668


0.181033	0.0663793	0.379637
0.176777	0.0598517	0.377828


0.212157	0.0585815	0.351392
0.214989	0.0548409	0.344912


0.21151	0.22454	0.540668
0.204163	0.224204	0.537522


0.221251	0.245531	0.360213
0.219958	0.245024	0.352334


0.214989	0.0548409	0.344912
0.211244	0.0512661	0.338813


0.176777	0.0598517	0.377828
0.171016	0.0579932	0.383059


0.171016	0.0579932	0.383059
0.165774	0.0519514	0.382937


0.165774	0.0519514	0.382937
0.169067	0.0462776	0.387515


0.211244	0.0512661	0.338813
0.20672	0.0462035	0.334582


0.169067	0.0462776	0.387515
0.165826	0.0405121	0.392015


0.20672	0.0462035	0.334582
0.208309	0.0394566	0.330587


0.165826	0.0405121	0.392015
0.160347	0.0348052	0.393203


0.160347	0.0348052	0.393203
0.153486	0.0319871	0.396202


0.153486	0.0319871	0.396202
0.150966	0.0268976	0.401836


0.208309	0.0394566	0.330587
0.209897	0.0327098	0.326592


0.21151	0.22454	0.540668
0.212718	0.219252	0.546548


0.35	0.35	0.4
0.347578	0.351376	0.392501


0.204163	0.224204	0.537522
0.197232	0.222935	0.541311


0.150966	0.0268976	0.401836
0.143888	0.0232025	0.402333


0.143888	0.0232025	0.402333
0.137655	0.0207057	0.397984


0.209897	0.0327098	0.326592
0.210977	0.0247838	0.326477


0.262527	0.25834	0.48265
0.261186	0.26581	0.48518


0.165826	0.0405121	0.392015
0.172251	0.0367194	0.394901


0.212718	0.219252	0.546548
0.214258	0.214584	0.55286


0.137655	0.0207057	0.397984
0.131082	0.0161495	0.398154


0.131082	0.0161495	0.398154
0.124225	0.0125191	0.396202


0.197232	0.222935	0.541311
0.191186	0.222979	0.546549


0.191186	0.222979	0.546549
0.18361	0.225171	0.547891


0.124225	0.0125191	0.396202
0.119198	0.00824558	0.391678


0.210977	0.0247838	0.326477
0.212571	0.0180741	0.322423


0.212571	0.0180741	0.322423
0.214165	0.0113644	0.318368


0.219958	0.245024	0.352334
0.219932	0.245024	0.344334


0.18361	0.225171	0.547891
0.177546	0.22865	0.55178


0.124225	0.0125191	0.396202
0.1247	0.00747178	0.402391


0.119198	0.00824558	0.391678
0.112418	0.0123527	0.390599


0.219932	0.245024	0.344334
0.223988	0.243523	0.337604


0.1247	0.00747178	0.402391
0.11978	0.00347745	0.407273


0.214165	0.0113644	0.318368
0.215758	0.00465471	0.314314


0.347578	0.351376	0.392501
0.348117	0.352513	0.3846


0.215758	0.00465471	0.314314
0.217352	-0.002055	0.310259


0.217352	-0.002055	0.310259
0.218946	-0.0087647	0.306205


0.177546	0.22865	0.55178
0.174243	0.226674	0.558793


0.218946	-0.0087647	0.306205
0.22054	-0.0154744	0.30215


0.174243	0.226674	0.558793
0.169682	0.222951	0.564209


0.232919	0.0942761	0.37208
0.239238	0.0895459	0.373382


0.223988	0.243523	0.337604
0.218104	0.24276	0.332238


0.119198	0.00824558	0.391678
0.115754	0.0015215	0.389047


0.11978	0.00347745	0.407273
0.115153	-0.00204558	0.410749


0.112418	0.0123527	0.390599
0.104688	0.0142559	0.391388


0.115153	-0.00204558	0.410749
0.114384	-0.00829645	0.415682


0.214258	0.214584	0.55286
0.217408	0.207334	0.554091


0.114384	-0.00829645	0.415682
0.10864	-0.0104729	0.420807


0.22054	-0.0154744	0.30215
0.223306	-0.0209554	0.297021


0.10864	-0.0104729	0.420807
0.111716	-0.0144564	0.427026


0.115754	0.0015215	0.389047
0.11176	-0.00237281	0.383312


0.104688	0.0142559	0.391388
0.10062	0.018146	0.385703


0.10062	0.018146	0.385703
0.094259	0.0209933	0.389631


0.223306	-0.0209554	0.297021
0.224875	-0.0276858	0.292991


0.111716	-0.0144564	0.427026
0.104598	-0.0173877	0.429202


0.224875	-0.0276858	0.292991
0.226443	-0.0344163	0.288961


0.226443	-0.0344163	0.288961
0.228012	-0.0411467	0.284931


0.228012	-0.0411467	0.284931
0.229581	-0.0478771	0.280901


0.094259	0.0209933	0.389631
0.0873623	0.0247013	0.39127


0.217408	0.207334	0.554091
0.217934	0.200561	0.558317


0.223306	-0.0209554	0.297021
0.22143	-0.0170495	0.290296


0.111716	-0.0144564	0.427026
0.11534	-0.0192406	0.432315


0.214258	0.214584	0.55286
0.216847	0.219288	0.558791


0.229581	-0.0478771	0.280901
0.222588	-0.0494226	0.277335


0.169682	0.222951	0.564209
0.169073	0.218645	0.570924


0.169073	0.218645	0.570924
0.165406	0.221311	0.577516


0.222588	-0.0494226	0.277335
0.216279	-0.0499679	0.272447


0.218104	0.24276	0.332238
0.221381	0.244962	0.32528


0.11534	-0.0192406	0.432315
0.114162	-0.0258442	0.436674


0.104598	-0.0173877	0.429202
0.0985215	-0.0168365	0.434376


0.0873623	0.0247013	0.39127
0.0813079	0.0283132	0.387489


0.0813079	0.0283132	0.387489
0.073339	0.0290172	0.387508


0.073339	0.0290172	0.387508
0.0661493	0.0261528	0.385482


0.0985215	-0.0168365	0.434376
0.0918872	-0.0211106	0.435687


0.221381	0.244962	0.32528
0.21735	0.24158	0.319254


0.216279	-0.0499679	0.272447
0.211534	-0.0560833	0.270426


0.165406	0.221311	0.577516
0.158365	0.224964	0.578551


0.0918872	-0.0211106	0.435687
0.087871	-0.0213892	0.4426


0.211534	-0.0560833	0.270426
0.21355	-0.0627807	0.266542


0.0661493	0.0261528	0.385482
0.0611339	0.0212084	0.381688


0.158365	0.224964	0.578551
0.151946	0.224666	0.583317


0.0611339	0.0212084	0.381688
0.0548696	0.0205894	0.376751


0.0548696	0.0205894	0.376751
0.0495532	0.0245592	0.372281


0.0495532	0.0245592	0.372281
0.0418041	0.0263972	0.371524


0.217934	0.200561	0.558317
0.221199	0.195703	0.56377


0.0418041	0.0263972	0.371524
0.0353263	0.0226366	0.368714


0.087871	-0.0213892	0.4426
0.0816162	-0.0239521	0.446879


0.151946	0.224666	0.583317
0.144782	0.22667	0.586261


0.150966	0.0268976	0.401836
0.149616	0.0308864	0.408638


0.0353263	0.0226366	0.368714
0.0290601	0.0240396	0.363942


0.0816162	-0.0239521	0.446879
0.0810644	-0.0293828	0.452727


0.21355	-0.0627807	0.266542
0.212566	-0.0687164	0.26127


0.28301	0.289604	0.423266
0.278638	0.295813	0.42075


0.144782	0.22667	0.586261
0.137723	0.226193	0.589994


0.0290601	0.0240396	0.363942
0.0214611	0.0257652	0.365753


0.212566	-0.0687164	0.26127
0.207968	-0.0708092	0.255067


0.221199	0.195703	0.56377
0.223712	0.192614	0.570709


0.207968	-0.0708092	0.255067
0.210184	-0.0775294	0.251334


0.0810644	-0.0293828	0.452727
0.0750545	-0.0334504	0.456094


0.223712	0.192614	0.570709
0.226783	0.187903	0.576398


0.137723	0.226193	0.589994
0.136985	0.221478	0.596415


0.114162	-0.0258442	0.436674
0.118136	-0.0307272	0.44161


0.118136	-0.0307272	0.44161
0.122696	-0.0351403	0.446482


0.210184	-0.0775294	0.251334
0.209532	-0.0845486	0.247552


0.0750545	-0.0334504	0.456094
0.0693193	-0.0350242	0.461445


0.136985	0.221478	0.596415
0.130292	0.224422	0.59966


0.0214611	0.0257652	0.365753
0.0137527	0.0269395	0.367542


0.209532	-0.0845486	0.247552
0.211816	-0.09125	0.243827


0.0693193	-0.0350242	0.461445
0.0659346	-0.0406795	0.46598


0.211816	-0.09125	0.243827
0.2141	-0.0979514	0.240102


0.0137527	0.0269395	0.367542
0.00977233	0.0327796	0.363794


0.2141	-0.0979514	0.240102
0.210142	-0.104671	0.241885


0.210142	-0.104671	0.241885
0.207895	-0.111863	0.244574


0.00977233	0.0327796	0.363794
0.00395158	0.0311357	0.358558


0.00395158	0.0311357	0.358558
-0.00154432	0.0288404	0.353217


0.207895	-0.111863	0.244574
0.206414	-0.118005	0.249481


-0.00154432	0.0288404	0.353217
-0.00863261	0.0296072	0.356846


-0.00863261	0.0296072	0.356846
-0.0160928	0.028933	0.354037


0.0659346	-0.0406795	0.46598
0.0611196	-0.0380671	0.47181


0.206414	-0.118005	0.249481
0.204041	-0.125297	0.251761


-0.0160928	0.028933	0.354037
-0.0216487	0.03182	0.349057


-0.0216487	0.03182	0.349057
-0.0264442	0.0259167	0.346576


0.204041	-0.125297	0.251761
0.198121	-0.1275	0.246853


-0.0264442	0.0259167	0.346576
-0.0340455	0.0284098	0.346514


0.130292	0.224422	0.59966
0.123091	0.227371	0.597801


0.21735	0.24158	0.319254
0.212331	0.243231	0.313247


0.198121	-0.1275	0.246853
0.200977	-0.133737	0.242736


0.212331	0.243231	0.313247
0.212527	0.246438	0.30592


0.0611196	-0.0380671	0.47181
0.0567227	-0.0387765	0.478455


0.200977	-0.133737	0.242736
0.195291	-0.139084	0.24098


-0.0340455	0.0284098	0.346514
-0.0372213	0.0252283	0.339896


0.0567227	-0.0387765	0.478455
0.0555224	-0.0407477	0.486115


0.195291	-0.139084	0.24098
0.194143	-0.146988	0.240526


0.212527	0.246438	0.30592
0.214014	0.243186	0.298764


0.194143	-0.146988	0.240526
0.196335	-0.152715	0.235387


-0.0372213	0.0252283	0.339896
-0.0433713	0.0201206	0.340194


0.194143	-0.146988	0.240526
0.188846	-0.147948	0.246444


0.0555224	-0.0407477	0.486115
0.0510628	-0.0373163	0.491802


-0.0433713	0.0201206	0.340194
-0.0493382	0.0253112	0.338988


0.0510628	-0.0373163	0.491802
0.0450821	-0.0424678	0.493103


0.196335	-0.152715	0.235387
0.199516	-0.158767	0.231234


0.214014	0.243186	0.298764
0.218338	0.23886	0.293607


0.343587	0.338212	0.40859
0.341112	0.334835	0.401773


-0.0493382	0.0253112	0.338988
-0.0538814	0.0196196	0.335676


0.0450821	-0.0424678	0.493103
0.041907	-0.0419728	0.500429


0.218338	0.23886	0.293607
0.220608	0.24262	0.286921


0.224648	0.240555	0.365476
0.218571	0.240456	0.370678


0.123091	0.227371	0.597801
0.116056	0.229809	0.600727


0.116056	0.229809	0.600727
0.111484	0.234983	0.604768


0.220608	0.24262	0.286921
0.216087	0.245494	0.280979


0.172251	0.0367194	0.394901
0.178387	0.0344073	0.399484


-0.0372213	0.0252283	0.339896
-0.0357905	0.0278397	0.332471


0.199516	-0.158767	0.231234
0.202696	-0.16482	0.22708


0.226783	0.187903	0.576398
0.230019	0.185858	0.583423


0.202696	-0.16482	0.22708
0.205876	-0.170872	0.222927


-0.00863261	0.0296072	0.356846
-0.0115334	0.0333534	0.363292


0.111484	0.234983	0.604768
0.10494	0.232063	0.608326


0.230019	0.185858	0.583423
0.231925	0.180964	0.589458


0.239238	0.0895459	0.373382
0.243288	0.0858046	0.379178


0.205876	-0.170872	0.222927
0.209057	-0.176925	0.218773


0.209057	-0.176925	0.218773
0.212237	-0.182977	0.214619


-0.0357905	0.0278397	0.332471
-0.0347267	0.0266255	0.324636


0.212237	-0.182977	0.214619
0.215417	-0.18903	0.210466


-0.0347267	0.0266255	0.324636
-0.0361499	0.0341785	0.322416


0.188846	-0.147948	0.246444
0.181426	-0.150768	0.245451


0.111484	0.234983	0.604768
0.113483	0.239648	0.610952


-0.0538814	0.0196196	0.335676
-0.0609879	0.0162445	0.337128


-0.0361499	0.0341785	0.322416
-0.0395097	0.0400413	0.318134


0.232805	0.114562	0.369368
0.237417	0.115123	0.375881


0.216087	0.245494	0.280979
0.209228	0.246221	0.276926


-0.0609879	0.0162445	0.337128
-0.0668062	0.010907	0.33584


0.041907	-0.0419728	0.500429
0.03559	-0.0400899	0.504963


0.041907	-0.0419728	0.500429
0.0454075	-0.0469767	0.505597


0.216087	0.245494	0.280979
0.219612	0.242137	0.274631


-0.0668062	0.010907	0.33584
-0.0740391	0.0102958	0.332477


-0.0740391	0.0102958	0.332477
-0.0749565	0.00594505	0.325826


0.231925	0.180964	0.589458
0.235599	0.17752	0.595674


0.0454075	-0.0469767	0.505597
0.041622	-0.0522184	0.510308


0.041622	-0.0522184	0.510308
0.0395854	-0.0571067	0.516305


0.209228	0.246221	0.276926
0.204373	0.245065	0.270674


0.0395854	-0.0571067	0.516305
0.0435509	-0.0615513	0.521645


0.113483	0.239648	0.610952
0.116099	0.2454	0.615858


0.0435509	-0.0615513	0.521645
0.0424237	-0.0666804	0.52768


0.215417	-0.18903	0.210466
0.208913	-0.191253	0.206373


0.116099	0.2454	0.615858
0.116748	0.248707	0.623114


-0.0740391	0.0102958	0.332477
-0.0798505	0.0147018	0.335765


0.2141	-0.0979514	0.240102
0.215289	-0.0951702	0.232696


0.0424237	-0.0666804	0.52768
0.0376844	-0.0693049	0.533567


0.116748	0.248707	0.623114
0.110414	0.249881	0.627857


0.235599	0.17752	0.595674
0.238834	0.177724	0.602987


0.204373	0.245065	0.270674
0.204162	0.243975	0.262752


0.215417	-0.18903	0.210466
0.219152	-0.191598	0.217058


-0.0798505	0.0147018	0.335765
-0.0853582	0.0126011	0.341174


0.0376844	-0.0693049	0.533567
0.0315498	-0.0734626	0.53658


0.208913	-0.191253	0.206373
0.212355	-0.197252	0.202353


0.238834	0.177724	0.602987
0.239601	0.170906	0.607101


-0.0395097	0.0400413	0.318134
-0.0419223	0.0475756	0.319323


0.215289	-0.0951702	0.232696
0.21788	-0.0926183	0.22557


-0.0749565	0.00594505	0.325826
-0.080908	0.000770415	0.324484


0.0315498	-0.0734626	0.53658
0.0315078	-0.0727434	0.544548


0.239601	0.170906	0.607101
0.242561	0.165328	0.612012


-0.080908	0.000770415	0.324484
-0.0847436	-0.00610978	0.325881


0.242561	0.165328	0.612012
0.243157	0.15879	0.616584


0.243157	0.15879	0.616584
0.240516	0.161606	0.62359


0.212355	-0.197252	0.202353
0.207643	-0.202309	0.20638


0.208913	-0.191253	0.206373
0.203606	-0.188121	0.201271


0.240516	0.161606	0.62359
0.238709	0.156045	0.62905


0.238709	0.156045	0.62905
0.240754	0.159948	0.635727


-0.0419223	0.0475756	0.319323
-0.0430366	0.0522716	0.312943


0.240754	0.159948	0.635727
0.242052	0.153963	0.640874


0.255987	0.185386	0.377527
0.261595	0.184591	0.371878


0.0315078	-0.0727434	0.544548
0.0296105	-0.0793075	0.548709


0.0296105	-0.0793075	0.548709
0.0243267	-0.0852345	0.549684


0.10494	0.232063	0.608326
0.0975419	0.231352	0.611285


-0.0853582	0.0126011	0.341174
-0.0914273	0.0177984	0.341567


0.0243267	-0.0852345	0.549684
0.0244602	-0.0863791	0.557601


0.212355	-0.197252	0.202353
0.215798	-0.203251	0.198333


0.242052	0.153963	0.640874
0.245612	0.149665	0.646605


-0.0914273	0.0177984	0.341567
-0.0954516	0.0241999	0.34418


0.219152	-0.191598	0.217058
0.223465	-0.194932	0.222913


0.236675	0.0995604	0.367392
0.241886	0.0985552	0.361406


0.215798	-0.203251	0.198333
0.21924	-0.209251	0.194313


-0.0847436	-0.00610978	0.325881
-0.0885972	-0.00801339	0.319133


0.21924	-0.209251	0.194313
0.222682	-0.21525	0.190293


0.0244602	-0.0863791	0.557601
0.0197595	-0.0828843	0.563049


-0.0885972	-0.00801339	0.319133
-0.0940838	-0.0130346	0.316187


0.0243267	-0.0852345	0.549684
0.0195451	-0.0912401	0.547432


0.110414	0.249881	0.627857
0.11243	0.251152	0.635494


0.348117	0.352513	0.3846
0.346749	0.353183	0.376746


0.0197595	-0.0828843	0.563049
0.0139549	-0.0857968	0.567721


-0.0940838	-0.0130346	0.316187
-0.0994941	-0.0177055	0.31978


-0.0940838	-0.0130346	0.316187
-0.0961547	-0.0138428	0.308502


0.0975419	0.231352	0.611285
0.0902859	0.233199	0.614103


-0.0994941	-0.0177055	0.31978
-0.102898	-0.0246392	0.317697


0.0902859	0.233199	0.614103
0.0845956	0.233536	0.619716


0.204162	0.243975	0.262752
0.200557	0.249072	0.25775


0.245612	0.149665	0.646605
0.247118	0.144373	0.652413


0.200557	0.249072	0.25775
0.194635	0.253829	0.255239


-0.0954516	0.0241999	0.34418
-0.0997546	0.0289288	0.339371


-0.102898	-0.0246392	0.317697
-0.105955	-0.028618	0.311467


-0.0997546	0.0289288	0.339371
-0.104013	0.0356498	0.340205


0.247118	0.144373	0.652413
0.252081	0.144177	0.658684


0.194635	0.253829	0.255239
0.187268	0.255279	0.258


0.247118	0.144373	0.652413
0.245691	0.136516	0.652903


-0.104013	0.0356498	0.340205
-0.110608	0.0382519	0.34391


0.187268	0.255279	0.258
0.179712	0.252662	0.258221


-0.0347267	0.0266255	0.324636
-0.029795	0.0229284	0.319536


0.0139549	-0.0857968	0.567721
0.0178158	-0.0874926	0.574519


-0.105955	-0.028618	0.311467
-0.111325	-0.0323699	0.306874


-0.111325	-0.0323699	0.306874
-0.116823	-0.0373254	0.309909


-0.110608	0.0382519	0.34391
-0.115461	0.0429451	0.348203


0.0450821	-0.0424678	0.493103
0.0393475	-0.0456643	0.488532


-0.116823	-0.0373254	0.309909
-0.120498	-0.0428783	0.305475


0.122696	-0.0351403	0.446482
0.128883	-0.0399728	0.44802


0.194635	0.253829	0.255239
0.196673	0.254299	0.247517


-0.115461	0.0429451	0.348203
-0.119176	0.05003	0.34821


-0.119176	0.05003	0.34821
-0.121628	0.0518286	0.355609


0.0178158	-0.0874926	0.574519
0.0217292	-0.0936055	0.577883


0.243288	0.0858046	0.379178
0.246964	0.0812048	0.384594


0.0217292	-0.0936055	0.577883
0.0267924	-0.099007	0.580915


0.222682	-0.21525	0.190293
0.226125	-0.221249	0.186273


0.252081	0.144177	0.658684
0.253918	0.141802	0.666099


-0.120498	-0.0428783	0.305475
-0.123675	-0.0467923	0.299263


0.226125	-0.221249	0.186273
0.229567	-0.227248	0.182253


0.207643	-0.202309	0.20638
0.200515	-0.205761	0.205253


0.229567	-0.227248	0.182253
0.233009	-0.233247	0.178233


-0.0430366	0.0522716	0.312943
-0.0420221	0.0513599	0.30506


0.0267924	-0.099007	0.580915
0.0218789	-0.105302	0.580433


0.223465	-0.194932	0.222913
0.226458	-0.197808	0.229752


0.219612	0.242137	0.274631
0.223948	0.237905	0.269407


0.278638	0.295813	0.42075
0.272635	0.301024	0.421648


0.0139549	-0.0857968	0.567721
0.00809327	-0.081484	0.571044


0.0218789	-0.105302	0.580433
0.0243598	-0.112689	0.582241


-0.119176	0.05003	0.34821
-0.123492	0.0528714	0.342103


-0.120498	-0.0428783	0.305475
-0.124773	-0.0472339	0.310647


-0.124773	-0.0472339	0.310647
-0.12629	-0.0543304	0.314014


0.0243598	-0.112689	0.582241
0.0190782	-0.11839	0.580341


0.196673	0.254299	0.247517
0.195634	0.250717	0.24044


0.21788	-0.0926183	0.22557
0.215569	-0.0887907	0.218936


-0.123492	0.0528714	0.342103
-0.126182	0.0569808	0.335788


0.248886	0.250839	0.498434
0.253281	0.245447	0.502386


0.0845956	0.233536	0.619716
0.0783627	0.234933	0.624533


0.00809327	-0.081484	0.571044
0.00213492	-0.081671	0.576379


0.0315078	-0.0727434	0.544548
0.0359543	-0.067219	0.54825


0.200515	-0.205761	0.205253
0.19486	-0.207218	0.199784


0.0243598	-0.112689	0.582241
0.0303336	-0.117991	0.581782


0.073339	0.0290172	0.387508
0.0738231	0.0366433	0.38514


0.00213492	-0.081671	0.576379
-0.00276812	-0.0773545	0.571761


-0.12629	-0.0543304	0.314014
-0.130306	-0.0609685	0.315966


-0.130306	-0.0609685	0.315966
-0.13599	-0.0642205	0.311371


0.0303336	-0.117991	0.581782
0.0327427	-0.124316	0.577517


0.19486	-0.207218	0.199784
0.189994	-0.210143	0.194149


-0.13599	-0.0642205	0.311371
-0.136745	-0.0717862	0.308883


-0.121628	0.0518286	0.355609
-0.125851	0.0561376	0.360863


0.0327427	-0.124316	0.577517
0.0314238	-0.130119	0.57217


0.233009	-0.233247	0.178233
0.236451	-0.239247	0.174213


-0.00276812	-0.0773545	0.571761
-0.01011	-0.07982	0.573765


0.181426	-0.150768	0.245451
0.173801	-0.148434	0.244805


0.236451	-0.239247	0.174213
0.239894	-0.245246	0.170193


0.03559	-0.0400899	0.504963
0.0287854	-0.0358843	0.505059


0.0327427	-0.124316	0.577517
0.035792	-0.128262	0.583772


-0.01011	-0.07982	0.573765
-0.0173997	-0.0820737	0.57617


-0.0420221	0.0513599	0.30506
-0.0421598	0.0580356	0.300653


-0.0421598	0.0580356	0.300653
-0.0402485	0.0639277	0.295591


0.239894	-0.245246	0.170193
0.243336	-0.251245	0.166173


0.11243	0.251152	0.635494
0.116825	0.255533	0.640543


-0.0173997	-0.0820737	0.57617
-0.0227272	-0.0793474	0.581478


-0.0227272	-0.0793474	0.581478
-0.0234962	-0.0812654	0.589207


0.243336	-0.251245	0.166173
0.246778	-0.257244	0.162153


0.246778	-0.257244	0.162153
0.25022	-0.263244	0.158133


0.116825	0.255533	0.640543
0.120162	0.262618	0.642177


-0.136745	-0.0717862	0.308883
-0.140539	-0.0783484	0.306325


0.0314238	-0.130119	0.57217
0.0298101	-0.13795	0.572429


0.035792	-0.128262	0.583772
0.0346883	-0.128764	0.59168


0.261595	0.184591	0.371878
0.268822	0.181161	0.371802


-0.126182	0.0569808	0.335788
-0.133341	0.060075	0.334006


-0.133341	0.060075	0.334006
-0.139002	0.0654171	0.335856


0.25022	-0.263244	0.158133
0.253663	-0.269243	0.154113


-0.125851	0.0561376	0.360863
-0.125944	0.0622166	0.366062


0.179712	0.252662	0.258221
0.173918	0.256404	0.262275


0.0783627	0.234933	0.624533
0.0722072	0.236543	0.629382


0.0722072	0.236543	0.629382
0.0704158	0.228869	0.630757


0.0346883	-0.128764	0.59168
0.0324611	-0.134183	0.597127


0.0738231	0.0366433	0.38514
0.0728918	0.0427621	0.380071


0.229581	-0.0478771	0.280901
0.237462	-0.0465398	0.280592


0.128883	-0.0399728	0.44802
0.135309	-0.0445024	0.449502


0.226458	-0.197808	0.229752
0.230098	-0.201039	0.236101


-0.0234962	-0.0812654	0.589207
-0.028638	-0.0857044	0.593433


0.346192	0.344135	0.403885
0.345298	0.349397	0.409844


0.173801	-0.148434	0.244805
0.167644	-0.152722	0.24758


-0.140539	-0.0783484	0.306325
-0.139649	-0.0845643	0.301368


0.253663	-0.269243	0.154113
0.257105	-0.275242	0.150093


0.0324611	-0.134183	0.597127
0.0322538	-0.141399	0.600575


-0.028638	-0.0857044	0.593433
-0.0289988	-0.0827989	0.600878


-0.028638	-0.0857044	0.593433
-0.0355573	-0.0895459	0.594602


0.239894	-0.245246	0.170193
0.233056	-0.246419	0.16621


-0.0355573	-0.0895459	0.594602
-0.0434088	-0.0891704	0.596089


0.0322538	-0.141399	0.600575
0.0395817	-0.144488	0.599701


0.00977233	0.0327796	0.363794
0.0110695	0.040622	0.364696


0.135309	-0.0445024	0.449502
0.141824	-0.0485855	0.447291


0.167644	-0.152722	0.24758
0.16098	-0.156193	0.250328


0.257105	-0.275242	0.150093
0.260547	-0.281241	0.146074


0.0704158	0.228869	0.630757
0.0629887	0.226316	0.63228


-0.0402485	0.0639277	0.295591
-0.0414792	0.0708468	0.291768


0.0629887	0.226316	0.63228
0.0554185	0.22886	0.632745


0.173918	0.256404	0.262275
0.166553	0.257075	0.265324


-0.130306	-0.0609685	0.315966
-0.12359	-0.0644382	0.318583


0.0395817	-0.144488	0.599701
0.0437573	-0.148979	0.604838


0.0298101	-0.13795	0.572429
0.029155	-0.145911	0.571994


0.0728918	0.0427621	0.380071
0.0771156	0.0486902	0.38339


-0.139649	-0.0845643	0.301368
-0.142174	-0.0920923	0.300389


-0.140539	-0.0783484	0.306325
-0.147429	-0.0758099	0.303148


0.0554185	0.22886	0.632745
0.0521277	0.234298	0.627887


0.253918	0.141802	0.666099
0.253371	0.146133	0.672803


-0.147429	-0.0758099	0.303148
-0.155112	-0.0771252	0.304946


0.16098	-0.156193	0.250328
0.154415	-0.157147	0.245857


0.260547	-0.281241	0.146074
0.26399	-0.287241	0.142054


0.195634	0.250717	0.24044
0.196762	0.246589	0.23368


-0.0434088	-0.0891704	0.596089
-0.048237	-0.0954685	0.595078


-0.142174	-0.0920923	0.300389
-0.141562	-0.0978364	0.305924


-0.0402485	0.0639277	0.295591
-0.0346435	0.0607922	0.290821


-0.155112	-0.0771252	0.304946
-0.162498	-0.0764504	0.301947


0.26399	-0.287241	0.142054
0.267432	-0.29324	0.138034


0.0437573	-0.148979	0.604838
0.0422709	-0.153736	0.611096


-0.162498	-0.0764504	0.301947
-0.165386	-0.0803272	0.295573


-0.0414792	0.0708468	0.291768
-0.0459495	0.0730182	0.285499


0.267432	-0.29324	0.138034
0.270874	-0.299239	0.134014


0.0422709	-0.153736	0.611096
0.0391203	-0.15829	0.61687


0.154415	-0.157147	0.245857
0.148319	-0.161786	0.248161


0.270874	-0.299239	0.134014
0.274316	-0.305238	0.129994


0.22143	-0.0170495	0.290296
0.227614	-0.0134999	0.286668


0.137723	0.226193	0.589994
0.134312	0.221919	0.584155


-0.048237	-0.0954685	0.595078
-0.0537501	-0.100683	0.597611


0.274316	-0.305238	0.129994
0.277759	-0.311238	0.125974


0.277759	-0.311238	0.125974
0.281201	-0.317237	0.121954


0.281201	-0.317237	0.121954
0.284643	-0.323236	0.117934


-0.162498	-0.0764504	0.301947
-0.168128	-0.0789897	0.307033


-0.0227272	-0.0793474	0.581478
-0.0263758	-0.0731963	0.577893


0.0391203	-0.15829	0.61687
0.0415065	-0.154883	0.623704


0.189994	-0.210143	0.194149
0.183792	-0.208527	0.18936


-0.0537501	-0.100683	0.597611
-0.0588928	-0.0964665	0.602058


0.0554185	0.22886	0.632745
0.050138	0.226229	0.638148


0.0391203	-0.15829	0.61687
0.0445632	-0.164012	0.615591


-0.0588928	-0.0964665	0.602058
-0.0646181	-0.0928548	0.606321


0.253371	0.146133	0.672803
0.256198	0.140184	0.677343


0.227614	-0.0134999	0.286668
0.233611	-0.0108338	0.282093


0.0445632	-0.164012	0.615591
0.0522511	-0.166099	0.616323


0.166553	0.257075	0.265324
0.158966	0.258057	0.262984


0.0415065	-0.154883	0.623704
0.0403234	-0.158709	0.63063


0.233954	0.255514	0.50929
0.233011	0.262591	0.512901


-0.165386	-0.0803272	0.295573
-0.172328	-0.0837616	0.29357


0.253663	-0.269243	0.154113
0.260971	-0.267198	0.156644


0.183792	-0.208527	0.18936
0.177778	-0.213749	0.188616


0.158966	0.258057	0.262984
0.153782	0.253894	0.258536


0.0435509	-0.0615513	0.521645
0.0495669	-0.0583361	0.525825


0.256198	0.140184	0.677343
0.249918	0.137282	0.681361


-0.0289988	-0.0827989	0.600878
-0.0278108	-0.0801042	0.608316


0.0522511	-0.166099	0.616323
0.0580734	-0.169687	0.612173


-0.125944	0.0622166	0.366062
-0.12538	0.0696193	0.369043


0.284643	-0.323236	0.117934
0.288085	-0.329235	0.113914


0.135309	-0.0445024	0.449502
0.134571	-0.0447005	0.457465


0.0403234	-0.158709	0.63063
0.0367446	-0.165763	0.63183


0.050138	0.226229	0.638148
0.0443908	0.226396	0.64371


0.0521277	0.234298	0.627887
0.0486066	0.238065	0.62177


0.288085	-0.329235	0.113914
0.291528	-0.335234	0.109894


0.233611	-0.0108338	0.282093
0.238755	-0.0112457	0.288206


-0.0646181	-0.0928548	0.606321
-0.0704619	-0.0968	0.610101


0.188846	-0.147948	0.246444
0.189692	-0.153209	0.25241


-0.0704619	-0.0968	0.610101
-0.0748541	-0.100997	0.615306


0.196762	0.246589	0.23368
0.196148	0.253016	0.228955


0.209532	-0.0845486	0.247552
0.201994	-0.0857317	0.249956


-0.0748541	-0.100997	0.615306
-0.0784934	-0.105973	0.620404


0.196148	0.253016	0.228955
0.191767	0.254523	0.222433


-0.142174	-0.0920923	0.300389
-0.140961	-0.0917657	0.292488


0.0367446	-0.165763	0.63183
0.0355485	-0.171147	0.637625


-0.141562	-0.0978364	0.305924
-0.141057	-0.103737	0.311302


-0.140961	-0.0917657	0.292488
-0.135732	-0.0942939	0.286987


-0.135732	-0.0942939	0.286987
-0.136196	-0.0947326	0.279012


0.141824	-0.0485855	0.447291
0.146962	-0.0546551	0.448161


0.291528	-0.335234	0.109894
0.29497	-0.341234	0.105874


-0.136196	-0.0947326	0.279012
-0.134407	-0.0993995	0.272766


-0.0704619	-0.0968	0.610101
-0.0768297	-0.0924708	0.607931


0.191767	0.254523	0.222433
0.188529	0.260202	0.217822


0.236451	-0.239247	0.174213
0.239732	-0.234061	0.16908


0.231925	0.180964	0.589458
0.233482	0.17458	0.584896


0.249664	0.205755	0.384018
0.251478	0.203063	0.39133


0.249918	0.137282	0.681361
0.249613	0.131861	0.687237


0.300171	0.285109	0.452489
0.304493	0.287833	0.458645


-0.12538	0.0696193	0.369043
-0.129946	0.0725851	0.374904


-0.0784934	-0.105973	0.620404
-0.0820451	-0.10754	0.627399


-0.0784934	-0.105973	0.620404
-0.0819669	-0.112471	0.617287


-0.0414792	0.0708468	0.291768
-0.0358874	0.0763688	0.290272


-0.129946	0.0725851	0.374904
-0.132513	0.0800463	0.376225


0.153782	0.253894	0.258536
0.150174	0.260483	0.255786


0.029155	-0.145911	0.571994
0.0238422	-0.151431	0.56969


-0.0820451	-0.10754	0.627399
-0.0889115	-0.110723	0.629992


0.246964	0.0812048	0.384594
0.251373	0.0771506	0.389898


0.196762	0.246589	0.23368
0.195359	0.23952	0.230208


-0.129946	0.0725851	0.374904
-0.132666	0.0681447	0.380978


0.0486066	0.238065	0.62177
0.0438829	0.243389	0.618118


0.29652	0.289612	0.426858
0.30216	0.284356	0.424721


-0.0889115	-0.110723	0.629992
-0.0950619	-0.115824	0.630386


-0.133341	0.060075	0.334006
-0.138418	0.054028	0.332719


0.35	0.35	0.4
0.356988	0.353842	0.399364


-0.0278108	-0.0801042	0.608316
-0.0235484	-0.0743412	0.611868


-0.132513	0.0800463	0.376225
-0.136178	0.0870506	0.377451


0.0443908	0.226396	0.64371
0.0417702	0.230827	0.649834


0.249613	0.131861	0.687237
0.255309	0.127639	0.690943


-0.134407	-0.0993995	0.272766
-0.132096	-0.103049	0.266032


0.0438829	0.243389	0.618118
0.0389118	0.246617	0.612745


0.0417702	0.230827	0.649834
0.0380041	0.233363	0.656421


0.203606	-0.188121	0.201271
0.207178	-0.184161	0.195308


0.233011	0.262591	0.512901
0.237754	0.265816	0.518478


0.230098	-0.201039	0.236101
0.230253	-0.205644	0.242641


-0.172328	-0.0837616	0.29357
-0.176714	-0.0831239	0.28691


0.256198	0.140184	0.677343
0.259606	0.145573	0.682175


-0.0950619	-0.115824	0.630386
-0.0997796	-0.122254	0.631016


-0.176714	-0.0831239	0.28691
-0.182469	-0.0880627	0.284362


-0.0997796	-0.122254	0.631016
-0.105022	-0.126125	0.635657


0.29497	-0.341234	0.105874
0.298412	-0.347233	0.101854


0.298412	-0.347233	0.101854
0.3	-0.35	0.1


