0
0
0
0
0
0
0
0
0
0
0
0
0
0
0
0
0
0
0
0
0
0
0
0
0
0
0
0
0
0
0
0
0
0
0
0
0
0
0
0
0
0
0
0
0
0
0
0
0
0
0
0
0
0
0
0
0
0
0
0
0
0
0
0
0
0
0
0
0
0
0
0
0
0
0
0
0
0
0
0
0
0
0
0
0
0
0
0
0
0
0
0
0
0
0
0
0
0
0
0
0
0
0
0
0
0
0
0
0
0
0
0
0
0
0
0
0
0
0
0
0
0
0
0
0
0
0
0
0
0
0
0
0
0
0
0
0
0
0
0
0
0
0
0
0
0
0
0
0
0
0
0
0
0
0
0
0
0
0
0
0
0
0
0
0
0
0
0
0
0
0
0
0
0
0
0
0
0
0
0
0
0
0
0
0
0
0
0
0
0
0
0
0
0
0
0
0
0
0
0
0
0
0
0
0
0
0
0
0
0
0
0
0
0
0
0
0
0
0
0
0
0
0
0
0
-39.000000
-39.000000
-39.000000
-39.000000
-39.000000
-39.000000
-39.000000
-39.000000
-39.000000
-39.000000
-39.000000
-38.100000
-38.100000
-38.100000
-38.100000
-38.100000
-38.100000
-38.100000
-38.100000
-38.100000
-38.100000
-38.100000
-38.100000
-38.100000
-38.100000
-38.100000
-38.100000
-38.100000
-38.100000
-38.100000
-38.100000
-38.100000
-38.100000
-38.100000
-38.100000
-38.100000
-38.100000
-38.100000
-38.100000
-38.100000
-38.100000
-38.100000
-38.100000
-38.100000
-38.100000
-38.100000
-38.100000
-38.100000
-38.100000
-38.100000
-38.100000
-38.100000
-38.100000
-38.100000
-38.100000
-38.100000
-38.100000
-38.100000
-38.100000
-38.100000
-38.100000
-38.100000
-38.100000
-38.100000
-38.100000
-38.100000
-38.100000
0
0
0
0
0
0
0
0
0
0
0
0
0
0
0
0
0
0
0
0
0
10
10
10
10
10
10
10
10
10
10
10
10
10
10
10
10
-34.100000
-34.100000
-34.100000
-34.100000
-34.100000
-34.100000
-34.100000
-34.100000
-34.100000
15
15
15
15
15
15
15
15
15
15
15
15
15
15
15
-5
-5
-5
-5
-5
-5
-5
-5
-5
-5
-5
-10.100000
-10.100000
-10.100000
-10.100000
-10.100000
-10.100000
-10.100000
-10.100000
-10.100000
-10.100000
-10.100000
-10.100000
-10.100000
-20
-20
-20
-20
-20
-20
-20
-20
-20
-23
-23
-23
-23
-23
-23
-23
-23
-23
-23
-24
-24
-24
-24
-24
-24
-24
-24
-24
-24
-24
-24
-24
-24
-24
-24
-24
-24
-30
-30
-30
-30
-30
-30
-30
-30
-30
-30
-30
-30
-30
-30
-32
-32
-32
-32
-32
-32
-32
-32
-32
-32
-32
-34
-34
-34
-34
-34
-34
-34
-34
-34
-34
-34
-34
-34
-35.644813
-35.644813
-35.704676
-35.724901
-35.726931
-35.727133
-35.727153
-35.769529
-35.778128
-35.786092
-35.784037
-35.783831
-35.783811
-35.783809
-35.783361
-35.782407
-35.782201
-35.781690
-35.781517
-35.781474
-35.781479
-35.781479
-35.781479
-35.781479
-35.781479
-35.781480
-35.781480
-35.781480
-35.781480
-35.781480
-35.781480
-35.781480
-35.781480
-35.781480
-35.781480
-35.781480
-35.781480
-35.781480
-35.781480
-35.781480
-35.781480
-35.781480