0.35	0.35	0.4
0.348526	0.348036	0.400353
0.347051	0.346072	0.400705
0.345577	0.344108	0.401057
0.344104	0.342143	0.401409
0.342631	0.340178	0.401759
0.341159	0.338212	0.402109
0.339688	0.336246	0.402457
0.338218	0.334279	0.402804
0.336749	0.332312	0.40315
0.335282	0.330343	0.403494
0.333816	0.328373	0.403835
0.332353	0.326402	0.404175
0.330891	0.32443	0.404512
0.329431	0.322456	0.404847
0.327974	0.320481	0.405178
0.326519	0.318504	0.405507
0.325067	0.316525	0.405833
0.323617	0.314545	0.406155
0.322171	0.312563	0.406474
0.320727	0.310578	0.406789
0.319287	0.308592	0.407099
0.31785	0.306603	0.407406
0.316417	0.304612	0.407709
0.314987	0.302619	0.408006
0.313562	0.300623	0.408299
0.31214	0.298624	0.408587
0.310723	0.296622	0.40887
0.30931	0.294618	0.409148
0.307902	0.292611	0.40942
0.306498	0.2906	0.409686
0.3051	0.288586	0.409946
0.303706	0.286569	0.4102
0.302318	0.284549	0.410448
0.300935	0.282525	0.410689
0.299557	0.280497	0.410924
0.298186	0.278466	0.411151
0.29682	0.276431	0.411371
0.29546	0.274391	0.411584
0.294106	0.272348	0.41179
0.292759	0.270301	0.411987
0.291419	0.268249	0.412177
0.290084	0.266193	0.412358
0.288757	0.264132	0.412532
0.287437	0.262067	0.412696
0.286124	0.259997	0.412852
0.284819	0.257923	0.412999
0.28352	0.255843	0.413137
0.28223	0.253758	0.413265
0.280947	0.251668	0.413384
0.279673	0.249573	0.413493
0.278406	0.247473	0.413593
0.277148	0.245367	0.413682
0.275898	0.243256	0.413761
0.274657	0.241139	0.413829
0.273425	0.239016	0.413886
0.272202	0.236887	0.413933
0.270988	0.234752	0.413968
0.269783	0.232611	0.413993
0.268587	0.230464	0.414005
0.267402	0.228311	0.414006
0.266226	0.226151	0.413995
0.26506	0.223985	0.413972
0.263904	0.221812	0.413936
0.262758	0.219632	0.413888
0.261623	0.217445	0.413827
0.260498	0.215252	0.413754
0.259385	0.213051	0.413667
0.258282	0.210844	0.413567
0.25719	0.208629	0.413453
0.25611	0.206406	0.413326
0.25504	0.204176	0.413185
0.253983	0.201939	0.413029
0.252937	0.199694	0.41286
0.251903	0.197441	0.412676
0.250882	0.19518	0.412477
0.249872	0.192911	0.412263
0.248875	0.190634	0.412034
0.24789	0.188348	0.41179
0.246918	0.186055	0.41153
0.245959	0.183753	0.411255
0.245013	0.181442	0.410964
0.244081	0.179123	0.410656
0.243161	0.176794	0.410333
0.242256	0.174457	0.409992
0.241364	0.172111	0.409636
0.240485	0.169756	0.409262
0.239621	0.167392	0.408871
0.238771	0.165018	0.408463
0.237935	0.162635	0.408037
0.237114	0.160243	0.407594
0.236308	0.157841	0.407133
0.235516	0.155429	0.406653
0.23474	0.153007	0.406156
0.233978	0.150575	0.40564
0.233232	0.148133	0.405105
0.232502	0.145681	0.404551
0.231787	0.143219	0.403979
0.231088	0.140747	0.403387
0.230405	0.138263	0.402775
0.229738	0.13577	0.402144
0.229087	0.133265	0.401493
0.228453	0.13075	0.400822
0.227835	0.128224	0.400131
0.227234	0.125687	0.399419
0.226651	0.123139	0.398686
0.226084	0.120579	0.397933
0.225535	0.118008	0.397159
0.225003	0.115426	0.396363
0.224489	0.112832	0.395546
0.223992	0.110227	0.394707
0.223514	0.107609	0.393846
0.223053	0.10498	0.392963
0.222611	0.102339	0.392058
0.222187	0.0996858	0.391131
0.221782	0.0970204	0.390181
0.221396	0.0943426	0.389208
0.221028	0.0916524	0.388212
0.22068	0.0889498	0.387193
0.220351	0.0862344	0.38615
0.220041	0.0835064	0.385083
0.219751	0.0807655	0.383993
0.219481	0.0780117	0.382879
0.21923	0.0752448	0.38174
0.219	0.0724647	0.380578
0.21879	0.0696714	0.37939
0.2186	0.0668647	0.378178
0.21843	0.0640448	0.37694
0.218281	0.0612117	0.375679
0.218151	0.0583655	0.374393
0.218041	0.0555064	0.373083
0.217951	0.0526344	0.37175
0.21788	0.0497498	0.370393
0.217828	0.0468524	0.369012
0.217796	0.0439426	0.367608
0.217782	0.0410204	0.366181
0.217787	0.0380858	0.364731
0.217811	0.0351391	0.363258
0.217853	0.0321802	0.361763
0.217914	0.0292094	0.360246
0.217992	0.0262267	0.358707
0.218089	0.0232322	0.357146
0.218203	0.020226	0.355563
0.218335	0.0172083	0.353959
0.218484	0.0141792	0.352333
0.218651	0.0111387	0.350686
0.218834	0.00808694	0.349019
0.219035	0.00502408	0.347331
0.219253	0.00195019	0.345622
0.219487	-0.00113461	0.343893
0.219738	-0.00423023	0.342144
0.220005	-0.00733654	0.340375
0.220288	-0.0104534	0.338587
0.220587	-0.0135808	0.336779
0.220902	-0.0167186	0.334951
0.221232	-0.0198667	0.333105
0.221578	-0.0230249	0.33124
0.22194	-0.0261932	0.329356
0.222316	-0.0293714	0.327453
0.222708	-0.0325595	0.325533
0.223114	-0.0357573	0.323594
0.223535	-0.0389647	0.321637
0.223971	-0.0421817	0.319663
0.224421	-0.0454081	0.317671
0.224885	-0.0486438	0.315662
0.225364	-0.0518887	0.313636
0.225856	-0.0551427	0.311592
0.226361	-0.0584056	0.309533
0.226881	-0.0616775	0.307456
0.227413	-0.0649581	0.305364
0.227959	-0.0682474	0.303255
0.228518	-0.0715453	0.30113
0.22909	-0.0748516	0.29899
0.229675	-0.0781663	0.296834
0.230272	-0.0814892	0.294663
0.230882	-0.0848203	0.292477
0.231503	-0.0881593	0.290276
0.232137	-0.0915063	0.28806
0.232783	-0.0948611	0.285829
0.23344	-0.0982236	0.283585
0.23411	-0.101594	0.281326
0.23479	-0.104971	0.279053
0.235482	-0.108356	0.276767
0.236185	-0.111749	0.274467
0.236898	-0.115148	0.272154
0.237623	-0.118555	0.269827
0.238358	-0.121968	0.267488
0.239104	-0.125388	0.265136
0.23986	-0.128815	0.262772
0.240626	-0.132249	0.260395
0.241402	-0.135689	0.258006
0.242187	-0.139136	0.255605
0.242983	-0.142589	0.253193
0.243788	-0.146048	0.250768
0.244602	-0.149513	0.248333
0.245425	-0.152984	0.245886
0.246257	-0.156461	0.243429
0.247098	-0.159944	0.240961
0.247948	-0.163433	0.238482
0.248806	-0.166927	0.235993
0.249673	-0.170427	0.233493
0.250547	-0.173932	0.230984
0.25143	-0.177442	0.228465
0.25232	-0.180957	0.225937
0.253219	-0.184477	0.223399
0.254124	-0.188003	0.220852
0.255037	-0.191533	0.218296
0.255957	-0.195068	0.215732
0.256884	-0.198607	0.213158
0.257819	-0.202151	0.210577
0.258759	-0.205699	0.207987
0.259706	-0.209252	0.20539
0.26066	-0.212809	0.202784
0.26162	-0.216369	0.200171
0.262586	-0.219934	0.197551
0.263557	-0.223503	0.194924
0.264535	-0.227075	0.192289
0.265518	-0.230651	0.189648
0.266506	-0.234231	0.187
0.2675	-0.237814	0.184346
0.268498	-0.2414	0.181686
0.269502	-0.244989	0.17902
0.27051	-0.248582	0.176348
0.271523	-0.252178	0.17367
0.27254	-0.255776	0.170987
0.273562	-0.259377	0.168299
0.274587	-0.262981	0.165606
0.275617	-0.266588	0.162909
0.27665	-0.270197	0.160206
0.277687	-0.273808	0.157499
0.278727	-0.277422	0.154789
0.279771	-0.281037	0.152074
0.280817	-0.284655	0.149355
0.281867	-0.288275	0.146633
0.282919	-0.291896	0.143907
0.283974	-0.295519	0.141178
0.285031	-0.299144	0.138447
0.286091	-0.30277	0.135712
0.287153	-0.306398	0.132975
0.288216	-0.310027	0.130235
0.289282	-0.313657	0.127494
0.290349	-0.317288	0.12475
0.291418	-0.320921	0.122004
0.292488	-0.324554	0.119257
0.293559	-0.328188	0.116509
0.294631	-0.331822	0.113759
0.295704	-0.335457	0.111009
0.296777	-0.339092	0.108257
0.297851	-0.342728	0.105505
0.298926	-0.346364	0.102753
